   8.6988069e+01
   8.6454563e+01
   8.5541697e+01
   8.4727258e+01
   8.3675572e+01
   8.2722874e+01
   8.1622488e+01
   8.0611990e+01
   7.9510976e+01
   7.8487840e+01
   7.7411112e+01
   7.6400436e+01
   7.5360241e+01
   7.4375682e+01
   7.3377404e+01
   7.2426083e+01
   7.1471444e+01
   7.0556744e+01
   6.9645553e+01
   6.8768714e+01
   6.7899827e+01
   6.7060868e+01
   6.6232692e+01
   6.5430941e+01
   6.4641712e+01
   6.3876116e+01
   6.3124034e+01
   6.2393336e+01
   6.1676637e+01
   6.0979486e+01
   6.0296471e+01
   5.9631481e+01
   5.8980531e+01
   5.8346321e+01
   5.7725896e+01
   5.7121109e+01
   5.6529750e+01
   5.5953068e+01
   5.5389391e+01
   5.4839538e+01
   5.3608017e+01
   5.3985487e+01
   5.4221121e+01
   5.5467534e+01
   5.6499688e+01
   5.8171087e+01
   5.9620085e+01
   6.1474325e+01
   6.3125196e+01
   6.5031898e+01
   6.6763112e+01
   6.8653535e+01
   7.0396704e+01
   7.2235901e+01
   7.3952953e+01
   7.5724348e+01
   7.7394554e+01
   7.9091436e+01
   8.0704022e+01
   8.2324880e+01
   8.3874799e+01
   8.5420776e+01
   8.6906278e+01
   8.8379805e+01
   8.9801033e+01
   9.1205099e+01
   9.2563273e+01
   9.3901046e+01
   9.5197987e+01
   9.6472625e+01
   9.7710472e+01
   9.8925033e+01
   1.0010608e+02
   1.0126348e+02
   1.0239007e+02
   1.0349309e+02
   1.0456755e+02
   1.0561881e+02
   1.0664344e+02
   1.0764543e+02
   1.0862245e+02
   1.0957753e+02
   1.1050910e+02
   1.1141949e+02
   1.1230770e+02
   1.1317551e+02
   1.1402233e+02
   1.1484958e+02
   1.1565694e+02
   1.1644553e+02
   1.1721525e+02
   1.1796700e+02
   1.1870082e+02
   1.1941746e+02
   1.2011705e+02
   1.2080023e+02
   1.2146718e+02
   1.2211846e+02
   1.2275429e+02
   1.2337517e+02
   1.2398133e+02
   1.2457322e+02
   1.2515109e+02
   1.2571535e+02
   1.2626626e+02
   1.2680418e+02
   1.2732937e+02
   1.2784218e+02
   1.2834287e+02
   1.2883174e+02
   1.2930906e+02
   1.2977511e+02
   1.3023016e+02
   1.3067446e+02
   1.3110826e+02
   1.3153182e+02
   1.3194538e+02
   1.3234917e+02
   1.3274343e+02
   1.3312837e+02
   1.3350422e+02
   1.3387120e+02
   1.3422951e+02
   1.3457936e+02
   1.3492095e+02
   1.3525447e+02
   1.3558012e+02
   1.3589807e+02
   1.3620852e+02
   1.3651163e+02
   1.3680759e+02
   1.3709655e+02
   1.3737869e+02
   1.3765417e+02
   1.3792315e+02
   1.3818577e+02
   1.3844219e+02
   1.3869255e+02
   1.3893700e+02
   1.3917568e+02
   1.3958227e+02
   1.3958438e+02
   1.3961959e+02
   1.3939995e+02
   1.3923165e+02
   1.3890146e+02
   1.3862476e+02
   1.3824477e+02
   1.3791361e+02
   1.3751660e+02
   1.3716155e+02
   1.3676489e+02
   1.3640322e+02
   1.3601582e+02
   1.3565723e+02
   1.3528339e+02
   1.3493322e+02
   1.3457479e+02
   1.3423587e+02
   1.3389338e+02
   1.3356713e+02
   1.3324043e+02
   1.3292743e+02
   1.3261605e+02
   1.3231640e+02
   1.3201972e+02
   1.3173323e+02
   1.3145059e+02
   1.3117694e+02
   1.3090766e+02
   1.3064642e+02
   1.3038986e+02
   1.3014057e+02
   1.2989610e+02
   1.2965828e+02
   1.2942531e+02
   1.2919847e+02
   1.2897645e+02
   1.2876012e+02
   1.2854850e+02
   1.2834222e+02
   1.2814052e+02
   1.2794382e+02
   1.2775157e+02
   1.2756402e+02
   1.2738076e+02
   1.2720195e+02
   1.2702726e+02
   1.2685678e+02
   1.2669025e+02
   1.2652772e+02
   1.2636897e+02
   1.2621402e+02
   1.2606269e+02
   1.2591496e+02
   1.2577070e+02
   1.2562987e+02
   1.2549234e+02
   1.2535807e+02
   1.2522697e+02
   1.2509897e+02
   1.2497398e+02
   1.2485195e+02
   1.2473280e+02
   1.2461647e+02
   1.2450288e+02
   1.2439198e+02
   1.2428369e+02
   1.2417797e+02
   1.2407473e+02
   1.2397394e+02
   1.2387553e+02
   1.2377944e+02
   1.2368562e+02
   1.2359401e+02
   1.2350457e+02
   1.2341725e+02
   1.2333198e+02
   1.2324873e+02
   1.2316744e+02
   1.2308807e+02
   1.2301058e+02
   1.2293492e+02
   1.2286104e+02
   1.2278891e+02
   1.2271848e+02
   1.2264972e+02
   1.2258258e+02
   1.2251702e+02
   1.2245302e+02
   1.2239052e+02
   1.2232950e+02
   1.2226992e+02
   1.2221175e+02
   1.2215495e+02
   1.2209950e+02
   1.2204535e+02
   1.2199248e+02
   1.2194086e+02
   1.2189046e+02
   1.2184125e+02
