   4.9022115e+00
   5.6735236e+00
   5.8445162e+00
   5.3761348e+00
   4.9022115e+00
   4.9284769e+00
   4.8990416e+00
   5.0260131e+00
   5.3097977e+00
   5.5647691e+00
   5.2132465e+00
   5.5647691e+00
   4.7781915e+00
   5.8579417e+00
   4.8590038e+00
   4.8299793e+00
   5.4709693e+00
   5.8041720e+00
   4.8339255e+00
   5.1855465e+00
   4.9897449e+00
   5.3479287e+00
   5.5076307e+00
   5.3224829e+00
   5.4151181e+00
   5.5847238e+00
   5.6031706e+00
   5.5076307e+00
   4.9776489e+00
   5.5208612e+00
   5.1571609e+00
   5.5070041e+00
   5.3768028e+00
   5.7822895e+00
   6.1800208e+00
   5.2160358e+00
   5.3984695e+00
   6.0705865e+00
   5.0101224e+00
   5.5936795e+00
   5.5936795e+00
   5.3609026e+00
   6.7848249e+00
   5.2093460e+00
   4.5288253e+00
   5.6712397e+00
   5.2396741e+00
   5.4715272e+00
   5.4489242e+00
   5.4364002e+00
   5.7269307e+00
   5.2035092e+00
   5.2258700e+00
   5.0505592e+00
   5.2031524e+00
   5.3708153e+00
   5.3050822e+00
   4.7609319e+00
   5.2556500e+00
   5.0061126e+00
   5.1080121e+00
   5.2420593e+00
   5.2836570e+00
   5.2206972e+00
   4.6430725e+00
   4.6430725e+00
   4.9815113e+00
   5.3056452e+00
   6.0563637e+00
   6.2154800e+00
   5.3046868e+00
   5.0882919e+00
   5.1293529e+00
   5.3104873e+00
   5.5861538e+00
   4.9371167e+00
   4.9371167e+00
   5.2586208e+00
   4.9966996e+00
   5.2600119e+00
   5.1400084e+00
   5.2202182e+00
   4.8908051e+00
   6.3121728e+00
   5.4891424e+00
   5.4325899e+00
   4.5375918e+00
   5.5587063e+00
   5.4213330e+00
   4.5386842e+00
   4.9779857e+00
   4.5375918e+00
   4.3645429e+00
   5.5587063e+00
   3.6782829e+00
   5.4901745e+00
   5.4158514e+00
   5.9144040e+00
   4.7134743e+00
   5.4704249e+00
   5.3086761e+00
   5.5582126e+00
   5.4704249e+00
   5.2357261e+00
   4.9834091e+00
   5.2357261e+00
   5.2523904e+00
   5.9681287e+00
   5.2823778e+00
   5.2941791e+00
   5.3441451e+00
   5.4693368e+00
   5.4268240e+00
   5.5246074e+00
   5.3441451e+00
   5.6374889e+00
   5.3246491e+00
   4.7769930e+00
   6.1673640e+00
   5.1183281e+00
   5.7728694e+00
   6.1673640e+00
   4.5469001e+00
   5.0738981e+00
   4.8722027e+00
   6.1559086e+00
   2.3862455e+00
   2.3646889e+00
   6.3774590e+00
   5.2864385e+00
   4.9558736e+00
   5.6977786e+00
   5.6977786e+00
   5.3493909e+00
   4.4836193e+00
   5.8280384e+00
   5.8088400e+00
   5.3062335e+00
   5.1143890e+00
   5.1293351e+00
   5.8280384e+00
   5.8088400e+00
   8.2498732e+00
   5.3026849e+00
   8.2498732e+00
   5.0482533e+00
   5.0166862e+00
   6.8102004e+00
   5.2100932e+00
   4.7640065e+00
   5.0348176e+00
   7.4360519e+00
   5.2636711e+00
   5.2636711e+00
   4.9589555e+00
   4.9199688e+00
   4.9589555e+00
   4.9199688e+00
   4.6902918e+00
   4.9400910e+00
   4.8312776e+00
   5.7373275e+00
   5.5609006e+00
   5.4488261e+00
   5.4413964e+00
   5.1265707e+00
   5.1080555e+00
   4.8684429e+00
   4.9874363e+00
   5.1370930e+00
   3.2155046e+00
   5.4383996e+00
   5.4383996e+00
   6.1689272e+00
   5.0204170e+00
   5.3998625e+00
   5.0204170e+00
   4.6195948e+00
   4.8788756e+00
   5.5301808e+00
   5.5301808e+00
   4.8269479e+00
   4.9282198e+00
   4.9514149e+00
   4.9615187e+00
   4.9948056e+00
   4.8990381e+00
   4.8926236e+00
   5.1564270e+00
   5.1527911e+00
   5.3431935e+00
   5.6791199e+00
   5.0940358e+00
   5.4870699e+00
   5.4870699e+00
   5.4568796e+00
   5.2054693e+00
   6.8110793e+00
   6.0858578e+00
   3.6630777e+00
   6.2351654e+00
   5.3224472e+00
   5.6195020e+00
   5.4518873e+00
   5.4286812e+00
   6.3206835e+00
   6.3206835e+00
   5.4779658e+00
   5.4416950e+00
   6.3133839e+00
   5.5760855e+00
   5.2384236e+00
   5.0877791e+00
   5.3934528e+00
   5.9027716e+00
   4.6235005e+00
   5.7009133e+00
   5.0753038e+00
   5.0635605e+00
   5.3239609e+00
   5.4613813e+00
   5.4835969e+00
   4.9956264e+00
   5.6559730e+00
   5.4743353e+00
   5.5358986e+00
   4.9576986e+00
   5.1652117e+00
   5.5358986e+00
   4.7485278e+00
   5.6314211e+00
   5.0731301e+00
   5.3304800e+00
   4.7485278e+00
   3.9239732e+00
   5.2270961e+00
   5.2270961e+00
   5.2948344e+00
   5.2270961e+00
   3.9239732e+00
   5.1886602e+00
   6.1668931e+00
   4.8999118e+00
   5.4449151e+00
   5.4449151e+00
   5.1989165e+00
   5.0410150e+00
   5.1133850e+00
   4.8706256e+00
   5.1989165e+00
   6.1610277e+00
   5.5135999e+00
   5.7280611e+00
   5.0263202e+00
   5.5135999e+00
   5.4503091e+00
   5.4102075e+00
   5.1961572e+00
   5.4882934e+00
   6.0515974e+00
   5.6886170e+00
   4.6522839e+00
   5.4917204e+00
   5.6953576e+00
   5.8861570e+00
   6.2855383e+00
   4.4579386e+00
   7.1210994e+00
   4.9400646e+00
   6.5921441e+00
   5.9914515e+00
   6.5921441e+00
   6.0155199e+00
   5.5617645e+00
   5.5054404e+00
   5.9914515e+00
   4.9400646e+00
   6.5921441e+00
   7.2738362e+00
   5.8046405e+00
   6.0361717e+00
   5.6759297e+00
   5.2875593e+00
   5.8046405e+00
   6.1362485e+00
   6.1362485e+00
   6.2046170e+00
   5.3804826e+00
   6.0314401e+00
   5.0640753e+00
   6.0314401e+00
   7.6884515e+00
   5.7639363e+00
   5.4464245e+00
   5.5304719e+00
   5.5515502e+00
   4.4175271e+00
   4.8667283e+00
   4.8684570e+00
   4.8768487e+00
   5.6615506e+00
   6.0482310e+00
   5.5316092e+00
   5.3602090e+00
   4.6429423e+00
   4.7921341e+00
   4.9015800e+00
   5.1287558e+00
   4.9205593e+00
   4.8565236e+00
   4.7921341e+00
   5.3799562e+00
   5.1762014e+00
   5.0216242e+00
   5.3235888e+00
   5.3951523e+00
   5.4081405e+00
   5.1694774e+00
   5.9498893e+00
   5.1694774e+00
   5.6347722e+00
   5.0850722e+00
   5.8936386e+00
   5.8181774e+00
   5.8181774e+00
   5.8936386e+00
   5.3320982e+00
   5.6347722e+00
   5.0850722e+00
   5.9163888e+00
   6.0461918e+00
   5.5255742e+00
   5.8978722e+00
   6.8088376e+00
   5.5008281e+00
   6.3862796e+00
   4.6980303e+00
   5.5674495e+00
   5.1842901e+00
   5.2636725e+00
   5.5674495e+00
   6.0078787e+00
   5.7648524e+00
   5.5767167e+00
   4.9062480e+00
   5.7066135e+00
   5.6550796e+00
   5.9546726e+00
   5.5369773e+00
   6.6689810e+00
   5.4493673e+00
   5.8255807e+00
   6.1585102e+00
   5.5944964e+00
   5.6211623e+00
   6.4978028e+00
   5.5377103e+00
   5.6468634e+00
   5.4208467e+00
   5.4208467e+00
   5.6442819e+00
   5.4842260e+00
   5.3108179e+00
   5.4905339e+00
   5.5502823e+00
   5.7150962e+00
   5.1250638e+00
   5.0627704e+00
   5.3108179e+00
   5.6174805e+00
   6.5820126e+00
   6.1240326e+00
   5.9939325e+00
   6.0409715e+00
   5.6940351e+00
   5.5138449e+00
   5.7690492e+00
   5.8343209e+00
   5.2925114e+00
   6.1442584e+00
   5.9749130e+00
   5.8343209e+00
   4.7803650e+00
   5.2925114e+00
   5.8398549e+00
   5.4105559e+00
   6.9273236e+00
   5.1866291e+00
   6.3408284e+00
   5.8830804e+00
   5.4789625e+00
   5.3749165e+00
   5.6380390e+00
   4.8259300e+00
   6.3408284e+00
   5.8830804e+00
   6.7157560e+00
   5.7547970e+00
   6.0444209e+00
   5.6975374e+00
   6.0042851e+00
   5.8023192e+00
   5.3974951e+00
   5.7509038e+00
   5.3741386e+00
   5.4377609e+00
   5.3020643e+00
   5.4731261e+00
   5.3741386e+00
   5.4377609e+00
   5.3020643e+00
   5.2763020e+00
   6.5914602e+00
   6.6249644e+00
   6.5922477e+00
   5.8355071e+00
   5.5880266e+00
   5.1795118e+00
   4.7729978e+00
   5.5880266e+00
   6.1389651e+00
   6.0474700e+00
   5.6949420e+00
   5.5442064e+00
   6.1389651e+00
   6.2624136e+00
   6.0474700e+00
   5.9089435e+00
   5.9089435e+00
   5.4838205e+00
   5.0100398e+00
   5.6646119e+00
   5.1164004e+00
   5.3721322e+00
   5.3721322e+00
   5.1649837e+00
   6.1224014e+00
   6.2202957e+00
   5.1164004e+00
   5.3369704e+00
   5.2921523e+00
   6.3400393e+00
   6.1497909e+00
   5.4775767e+00
   5.7597953e+00
   6.6366447e+00
   5.7406121e+00
   5.6723088e+00
   6.2367628e+00
   6.2283077e+00
   6.4090163e+00
   5.6723088e+00
   5.6975587e+00
   5.6387647e+00
   5.4555188e+00
   5.5344831e+00
   5.9148209e+00
   5.5501040e+00
   6.5358806e+00
   5.8763153e+00
   5.4263688e+00
   5.5501040e+00
   6.6013729e+00
   5.9388264e+00
   6.0374882e+00
   6.0640671e+00
   5.6330093e+00
   5.5436175e+00
   6.2942163e+00
   5.4198518e+00
   6.3882736e+00
   5.8064688e+00
   5.4198518e+00
   6.3013167e+00
   4.1041490e+00
   6.2333924e+00
   6.2333924e+00
   6.5835303e+00
   5.2916826e+00
   5.2916826e+00
   6.5835303e+00
   5.1781189e+00
   5.4811889e+00
   6.2333924e+00
   5.5480678e+00
   5.5458620e+00
   5.5484818e+00
   6.3083669e+00
   5.3470663e+00
   4.7516737e+00
   5.7129040e+00
   5.8741195e+00
   5.2136330e+00
   6.4478007e+00
   5.1864763e+00
   6.4429206e+00
   6.8298152e+00
   5.5494860e+00
   4.6701101e+00
   5.6913274e+00
   5.3295516e+00
   5.5059208e+00
   5.4181146e+00
   5.4959615e+00
   5.6271465e+00
   5.6394763e+00
   5.9193740e+00
   6.0423903e+00
   6.3744883e+00
   5.5682392e+00
   5.6057870e+00
   5.4181146e+00
   6.5646629e+00
   6.0115904e+00
   5.3183750e+00
   5.1891364e+00
   5.1467606e+00
   5.7054385e+00
   5.5995284e+00
   5.7054385e+00
   5.5822575e+00
   5.5995284e+00
   5.1231265e+00
   6.6266812e+00
   5.6009272e+00
   5.5787903e+00
   6.0942961e+00
   4.7042249e+00
   3.6270346e+00
   5.5594500e+00
   6.2209581e+00
   6.5947489e+00
   6.0942961e+00
   6.0400580e+00
   6.0784356e+00
   5.7705024e+00
   6.2149007e+00
   5.7705024e+00
   5.4849429e+00
   6.1804686e+00
   6.2149007e+00
   5.4684682e+00
   6.0784356e+00
   5.5813716e+00
   5.6369297e+00
   5.7270356e+00
   5.6395689e+00
   5.9131205e+00
   5.6395689e+00
   5.7270356e+00
   5.1797930e+00
   5.7062197e+00
   5.7868243e+00
   6.0074084e+00
   6.0074084e+00
   6.0074084e+00
   6.0074084e+00
   5.3950719e+00
   6.4522270e+00
   5.3752976e+00
   5.5054270e+00
   6.0218162e+00
   6.1598453e+00
   5.6068130e+00
   5.6807623e+00
   6.3175151e+00
   6.4120867e+00
   5.6640131e+00
   5.6431905e+00
   5.5322064e+00
   5.5467269e+00
   5.4632616e+00
   5.6807623e+00
   6.2433715e+00
   5.2917480e+00
   5.5720550e+00
   5.8039516e+00
   5.8039516e+00
   6.2022566e+00
   5.5673354e+00
   6.5151019e+00
   5.3667779e+00
   5.6005935e+00
   5.5422147e+00
   5.9399546e+00
   5.3667779e+00
   5.2815064e+00
   5.5273195e+00
   5.5253188e+00
   5.5822764e+00
   5.2815064e+00
   5.5159705e+00
   5.6917201e+00
   5.6189515e+00
   5.5034574e+00
   5.9542198e+00
   5.9837068e+00
   5.3303721e+00
   5.2087259e+00
   5.5472472e+00
   6.4126765e+00
   6.4147665e+00
   5.7404142e+00
   5.2640400e+00
   5.5217226e+00
   5.4690522e+00
   5.2880063e+00
   6.2458905e+00
   6.2458905e+00
   6.2458905e+00
   6.2458905e+00
   5.9730072e+00
   5.3148470e+00
   5.7592940e+00
   4.7236638e+00
   5.5148001e+00
   5.2382696e+00
   6.8343458e+00
   5.9020043e+00
   5.9505725e+00
   4.8002625e+00
   5.6918417e+00
   4.8002625e+00
   5.7766606e+00
   5.4486887e+00
   5.4486887e+00
   5.4032326e+00
   5.4081478e+00
   5.8742438e+00
   5.8507213e+00
   5.8235580e+00
   7.1436562e+00
   5.6654869e+00
   5.4274079e+00
   5.4315884e+00
   5.4430907e+00
   6.1293017e+00
   5.9727039e+00
   6.7931383e+00
   6.4873771e+00
   6.3517415e+00
   5.9727039e+00
   6.1293017e+00
   5.7642761e+00
   4.4236680e+00
   5.3626254e+00
   5.3605872e+00
   5.5793342e+00
   5.4038866e+00
   6.3664432e+00
   6.9692133e+00
   6.1614689e+00
   6.0653087e+00
   5.6135234e+00
   5.8805874e+00
   6.0653087e+00
   5.9171734e+00
   5.5618694e+00
   5.2549291e+00
   6.2962584e+00
   6.0404881e+00
   5.0430308e+00
   5.6281018e+00
   5.8078398e+00
   5.8262473e+00
   6.0546144e+00
   5.5445120e+00
   5.6548836e+00
   6.0527093e+00
   5.9950030e+00
   7.0387028e+00
   6.9229546e+00
   5.1161457e+00
   6.9229546e+00
   5.3685323e+00
   6.4387650e+00
   6.4387650e+00
   5.5596079e+00
   5.2087410e+00
   6.1726506e+00
   5.6335079e+00
   5.1340396e+00
   6.1286417e+00
   6.4387650e+00
   5.8468047e+00
   6.4473078e+00
   5.7933711e+00
   5.5474704e+00
   5.5733448e+00
   5.8134372e+00
   5.5474704e+00
   5.5733448e+00
   5.1581605e+00
   5.4927271e+00
   6.1396411e+00
   6.1396411e+00
   5.8146468e+00
   5.8981595e+00
   5.6445786e+00
   5.8146468e+00
   5.8981595e+00
   5.7429568e+00
   5.2580014e+00
   5.4927271e+00
   6.4535774e+00
   6.1396411e+00
   6.8614225e+00
   5.7731895e+00
   5.6148627e+00
   5.8074751e+00
   5.8074751e+00
   5.1678476e+00
   5.6846479e+00
   6.2414385e+00
   5.6567036e+00
   4.8873890e+00
   5.8829142e+00
   6.1072943e+00
   5.4590406e+00
   6.5733935e+00
   6.1072943e+00
   5.6567036e+00
   5.0846745e+00
   6.3729798e+00
   6.7944352e+00
   4.8873890e+00
   7.0989499e+00
   5.1810059e+00
   6.3324693e+00
   5.8829142e+00
   5.8011779e+00
   5.5687402e+00
   6.4905469e+00
   6.4905469e+00
   5.8011779e+00
   5.5687402e+00
   5.6638843e+00
   5.5836011e+00
   5.6638843e+00
   5.9757190e+00
   6.3673672e+00
   5.7473135e+00
   5.7453066e+00
   5.7453066e+00
   6.0719857e+00
   5.7473135e+00
   5.7453066e+00
   5.1663668e+00
   5.3660947e+00
   5.2577378e+00
   5.1663668e+00
   5.0091555e+00
   5.8218643e+00
   5.0045635e+00
   6.8271430e+00
   6.7290742e+00
   5.4870874e+00
   6.7334960e+00
   5.8218643e+00
   5.3325199e+00
   6.2549199e+00
   5.9474327e+00
   7.5939418e+00
   5.4250793e+00
   5.0755919e+00
   6.0249200e+00
   6.3613039e+00
   5.4057362e+00
   5.4057362e+00
   5.7642609e+00
   5.0061506e+00
   5.7357288e+00
   5.7369543e+00
   5.6279548e+00
   5.7642609e+00
   5.4341873e+00
   6.3550719e+00
   5.9720874e+00
   5.7659352e+00
   5.2535896e+00
   5.9720874e+00
   5.6211299e+00
   5.5753898e+00
   5.2991646e+00
   5.4149997e+00
   5.0346625e+00
   6.2967945e+00
   5.2991646e+00
   5.4149997e+00
   5.3223628e+00
   4.9451314e+00
   5.2909496e+00
   6.3982253e+00
   5.9535272e+00
   5.9893148e+00
   5.8036750e+00
   6.1238610e+00
   5.8674789e+00
   5.4526036e+00
   5.8549013e+00
   5.3560892e+00
   5.7661245e+00
   5.7509754e+00
   5.3560892e+00
   7.2730090e+00
   5.8676504e+00
   6.0485090e+00
   5.6633751e+00
   5.8976226e+00
   5.6649485e+00
   5.9070993e+00
   6.2670716e+00
   6.0683701e+00
   6.1113477e+00
   6.4698591e+00
   6.7803597e+00
   5.1198233e+00
   6.7192218e+00
   5.9090185e+00
   5.1198233e+00
   5.2772438e+00
   5.7034125e+00
   5.0119583e+00
   4.9120187e+00
   6.7043285e+00
   6.7043285e+00
   4.8679082e+00
   5.5029016e+00
   7.1055248e+00
   5.5029016e+00
   5.3086943e+00
   5.3913769e+00
   6.1967867e+00
   5.4203363e+00
   6.0768952e+00
   5.5949645e+00
   5.6324766e+00
   6.3402315e+00
   6.7891500e+00
   5.7338302e+00
   4.5558068e+00
   4.5558068e+00
   5.9801474e+00
   6.0435089e+00
   5.6392299e+00
   5.0689003e+00
   6.1546776e+00
   6.7396051e+00
   5.3345454e+00
   6.6928848e+00
   6.6665976e+00
   5.7384361e+00
   6.3589116e+00
   6.3589116e+00
   6.3589116e+00
   5.4425969e+00
   5.4425969e+00
   6.3589116e+00
   5.7477106e+00
   5.6396264e+00
   6.6411139e+00
   5.0500034e+00
   6.1613355e+00
   6.0797811e+00
   5.1555557e+00
   6.0389155e+00
   5.6479800e+00
   5.7621729e+00
   5.8792891e+00
   5.0500034e+00
   5.3491160e+00
   5.4325559e+00
   6.0603101e+00
   5.3491160e+00
   6.0603101e+00
   5.4325559e+00
   5.1142820e+00
   5.2985160e+00
   5.6391922e+00
   6.6988295e+00
   5.9716368e+00
   5.1223864e+00
   5.0893853e+00
   4.7062215e+00
   5.3167232e+00
   5.8784133e+00
   5.5626104e+00
   5.5269800e+00
   5.5323339e+00
   5.3853000e+00
   4.8387362e+00
   6.3230504e+00
   5.3967872e+00
   6.3443335e+00
   6.3127313e+00
   5.5415600e+00
   5.4941697e+00
   6.3538356e+00
   6.3230504e+00
   6.9141417e+00
   4.8387362e+00
   5.8133603e+00
   5.6229904e+00
   5.6996513e+00
   5.7364998e+00
   5.6996513e+00
   5.6793576e+00
   6.0063439e+00
   6.2167896e+00
   5.7249525e+00
   5.1312553e+00
   6.5844457e+00
   5.3341132e+00
   4.7220004e+00
   4.7193556e+00
   5.5626830e+00
   5.3341132e+00
   6.1072750e+00
   6.2221803e+00
   6.0783835e+00
   5.8562176e+00
   5.6040082e+00
   4.7220004e+00
   4.7193556e+00
   5.4746450e+00
   5.4746450e+00
   5.6847057e+00
   5.6847057e+00
   5.2629076e+00
   5.2782411e+00
   6.7554648e+00
   5.8358438e+00
   5.1282618e+00
   5.0567205e+00
   5.0567205e+00
   5.1282618e+00
   6.1241660e+00
   5.9812534e+00
   5.9909450e+00
   5.8161329e+00
   5.0658240e+00
   5.3299001e+00
   5.8492722e+00
   5.4803190e+00
   5.1924507e+00
   6.2064459e+00
   4.4875243e+00
   5.1436014e+00
   5.1436014e+00
   5.7527178e+00
   5.5799807e+00
   5.5799807e+00
   6.1399610e+00
   5.3689171e+00
   6.2444798e+00
   6.3577785e+00
   6.2469715e+00
   5.3195130e+00
   5.1710764e+00
   5.2417178e+00
   5.9129936e+00
   5.3626922e+00
   5.6885078e+00
   5.5108497e+00
   5.5221924e+00
   5.4140507e+00
   4.7815925e+00
   6.9273462e+00
   4.8419906e+00
   5.9878644e+00
   5.9878644e+00
   5.9878644e+00
   5.9878644e+00
   5.6062028e+00
   6.9850186e+00
   6.5402854e+00
   5.9575534e+00
   5.4784802e+00
   6.0153340e+00
   4.6384380e+00
   5.2043683e+00
   6.5556385e+00
   4.8239391e+00
   5.2043683e+00
   5.8697196e+00
   5.5241157e+00
   6.3207676e+00
   5.8697196e+00
   5.6596013e+00
   5.5772602e+00
   4.9065930e+00
   6.1003870e+00
   6.3907040e+00
   6.0209694e+00
   5.4838940e+00
   5.2140377e+00
   5.3035742e+00
   6.5853205e+00
   6.5853205e+00
   6.5851085e+00
   5.2695471e+00
   4.8394301e+00
   5.3896478e+00
   5.6492340e+00
   5.7650511e+00
   5.2523128e+00
   6.3364292e+00
   4.9255697e+00
   5.6588631e+00
   6.6787631e+00
   6.0245201e+00
   5.0817267e+00
   5.2036938e+00
   5.1344792e+00
   5.3207019e+00
   5.2451111e+00
   6.4677094e+00
   5.6501041e+00
   5.6501041e+00
   5.6967408e+00
   5.1144651e+00
   7.0175114e+00
   5.1559394e+00
   5.7287200e+00
   6.4025491e+00
   5.1688593e+00
   5.1298719e+00
   6.4756071e+00
   5.8303183e+00
   4.8144840e+00
   5.3263252e+00
   6.1362963e+00
   6.1362963e+00
   5.6807254e+00
   5.8590161e+00
   6.3298387e+00
   4.8129173e+00
   5.6628550e+00
   6.3298387e+00
   5.6859754e+00
   5.3130541e+00
   5.4224548e+00
   6.3406418e+00
   6.3519869e+00
   5.8374549e+00
   5.6170700e+00
   6.6144140e+00
   5.7478784e+00
   6.0059346e+00
   6.4157048e+00
   6.2544783e+00
   5.6632204e+00
   5.3445156e+00
   5.8712568e+00
   5.3140609e+00
   5.3596737e+00
   5.8712568e+00
   5.3140609e+00
   6.3105917e+00
   5.3596737e+00
   5.0730128e+00
   6.2917961e+00
   6.1779929e+00
   5.5777208e+00
   5.3136614e+00
   3.7433409e+00
   5.2548465e+00
   6.5636108e+00
   5.9367688e+00
   6.5890967e+00
   6.5636108e+00
   6.0798802e+00
   5.9555510e+00
   5.2548465e+00
   5.0201840e+00
   6.4299435e+00
   5.4764119e+00
   5.3419699e+00
   6.0515315e+00
   6.0801119e+00
   5.9367688e+00
   5.8831999e+00
   5.7670703e+00
   5.4668155e+00
   5.3752373e+00
   5.8258237e+00
   5.0090263e+00
   5.9672754e+00
   6.1739303e+00
   6.1739303e+00
   6.1494786e+00
   5.7247301e+00
   5.5502722e+00
   5.5314094e+00
   5.7627786e+00
   6.4050074e+00
   6.0706755e+00
   5.9614860e+00
   5.2438403e+00
   6.2756168e+00
   4.4114268e+00
   5.1275141e+00
   5.2438403e+00
   6.2756168e+00
   5.9614860e+00
   5.4334132e+00
   5.4435380e+00
   5.4435380e+00
   5.7012342e+00
   5.4334132e+00
   5.4435380e+00
   6.4684099e+00
   5.0797185e+00
   6.4684099e+00
   5.4636723e+00
   5.2986862e+00
   4.9605829e+00
   5.3550842e+00
   5.9411265e+00
   6.6174680e+00
   5.2195711e+00
   5.4268746e+00
   5.5029469e+00
   5.4628204e+00
   5.6607464e+00
   5.2195711e+00
   5.2848908e+00
   5.2700100e+00
   4.9576131e+00
   5.2603147e+00
   5.4268746e+00
   5.2649560e+00
   5.3121275e+00
   5.3204663e+00
   4.9697917e+00
   5.3105740e+00
   5.6561945e+00
   5.3416613e+00
   5.3105740e+00
   5.3416613e+00
   6.9593981e+00
   5.4830319e+00
   5.9272857e+00
   6.0046035e+00
   5.6561945e+00
   5.8609611e+00
   6.1901479e+00
   6.2756430e+00
   6.1810338e+00
   5.9111562e+00
   6.1713495e+00
   6.2163938e+00
   6.9768706e+00
   6.3769259e+00
   6.1713495e+00
   6.5733761e+00
   5.9311118e+00
   5.9311118e+00
   5.9311118e+00
   6.1075008e+00
   6.0982520e+00
   5.9521801e+00
   5.9521801e+00
   6.1257348e+00
   6.5223589e+00
   6.5223589e+00
   5.4083611e+00
   5.0719731e+00
   5.9521801e+00
   6.1930265e+00
   6.1257348e+00
   5.7186306e+00
   5.5901095e+00
   5.3397433e+00
   5.5901095e+00
   5.9724110e+00
   5.7186306e+00
   5.6158459e+00
   5.7950792e+00
   5.4710737e+00
   6.4037277e+00
   5.8186367e+00
   5.2899068e+00
   6.2993231e+00
   5.3412995e+00
   6.4466451e+00
   5.5901095e+00
   6.6297163e+00
   5.8057131e+00
   5.9518218e+00
   4.7593712e+00
   5.3397433e+00
   5.7484069e+00
   5.1851226e+00
   5.8211131e+00
   5.9086441e+00
   5.9058712e+00
   5.3280243e+00
   5.7289947e+00
   5.9559325e+00
   5.9086441e+00
   4.4111168e+00
   6.2707051e+00
   6.2707051e+00
   5.8089261e+00
   6.4297133e+00
   5.9399730e+00
   6.2947135e+00
   5.9399730e+00
   6.2947135e+00
   4.9194058e+00
   5.8118240e+00
   6.0864467e+00
   6.0334934e+00
   5.8118240e+00
   5.6172241e+00
   5.8075313e+00
   5.3655730e+00
   5.5544715e+00
   5.7869010e+00
   6.6839491e+00
   5.2714544e+00
   5.0741465e+00
   5.1691307e+00
   5.7612626e+00
   4.7436363e+00
   4.1736850e+00
   6.4795697e+00
   5.4259217e+00
   6.4716882e+00
   5.3873046e+00
   5.3156482e+00
   5.3004753e+00
   4.9639228e+00
   4.7658903e+00
   4.9827701e+00
   6.4632952e+00
   5.1542131e+00
   5.9739536e+00
   5.1404650e+00
   5.8733074e+00
   5.4382373e+00
   5.4382373e+00
   5.4254724e+00
   6.4036449e+00
   5.3413008e+00
   5.6148734e+00
   5.5550161e+00
   5.5521935e+00
   5.7614903e+00
   6.4373967e+00
   5.0811433e+00
   5.3149781e+00
   5.4283648e+00
   4.9807978e+00
   5.1839262e+00
   5.0847632e+00
   5.7614903e+00
   5.4174131e+00
   5.9532341e+00
   5.4156003e+00
   5.7669410e+00
   5.7924127e+00
   6.4621254e+00
   5.5349373e+00
   5.7198366e+00
   5.3911051e+00
   5.2012689e+00
   2.7448028e+00
   5.7217005e+00
   5.0320355e+00
   5.9462740e+00
   5.9997062e+00
   5.7062869e+00
   5.9462740e+00
   5.0320355e+00
   4.9564842e+00
   5.8226398e+00
   6.0230916e+00
   6.1586406e+00
   6.1586406e+00
   6.7351624e+00
   6.1586406e+00
   6.3928568e+00
   5.5261723e+00
   5.6848439e+00
   5.4459786e+00
   5.5791683e+00
   6.5289274e+00
   5.5411788e+00
   5.3577453e+00
   6.5188211e+00
   5.5791683e+00
   6.5289274e+00
   5.4352779e+00
   5.0836698e+00
   5.7981108e+00
   6.2691065e+00
   6.2572635e+00
   5.7812604e+00
